0,069329 14 22
0,340675 15 62
0,410439 15 74
0,505001 15 90
0,563362 15 99
0,636521 14 110
0,723377 13 123
0,803942 12 135
0,888610 13 148
0,962608 13 159
1,051573 14 173
1,150517 13 188
1,240782 16 202
1,331568 16 216
1,414472 16 229
1,488948 15 241
1,540528 15 248
1,596592 16 257
1,669803 17 270
1,730358 18 282
1,800856 20 296
1,859460 22 307
1,953112 26 324
2,007032 28 335
2,058569 30 347
2,157978 33 369
2,225003 36 384
2,280601 38 396
2,361978 42 414
2,507008 43 442
2,581915 44 455
2,655175 45 468
2,938052 47 518
3,014573 48 529
3,154997 50 546
3,224205 48 553
3,274941 46 559
3,402315 44 575
3,591199 45 600
3,688296 44 613
3,748383 45 620
3,849320 45 631
3,914428 44 638
3,971804 42 662
4,027156 41 670
4,121655 36 680
4,181016 32 686
4,262891 26 697
4,319234 24 704
4,375609 21 712
4,469267 17 725
4,530981 16 734
4,622724 13 746
4,682998 14 753
4,778432 14 764
4,895995 14 777
4,975507 15 786
5,070711 14 797
5,127719 12 805
5,195124 13 814
5,280547 16 834
5,360945 21 853
5,433404 24 866
5,490197 25 875
5,560716 25 885
5,641319 26 896
5,721592 31 906
5,816060 30 918
5,899434 28 928
6,012140 25 941
6,094416 27 951
6,165494 28 961
6,239354 28 972
6,309980 30 983
6,369635 30 992
6,447074 32 1003
6,525678 34 1015
6,611248 35 1029
6,723584 33 1044
6,821815 30 1055
6,941577 27 1067
7,047992 23 1078
7,122628 22 1087
7,253776 17 1101
7,346934 16 1110
7,400949 17 1116
7,495344 19 1127
7,599878 20 1140
7,658646 21 1148
7,736861 24 1163
7,819163 35 1195
7,887907 38 1216
8,023980 28 1235
8,126644 24 1244
8,186137 25 1264
8,249054 25 1275
8,318831 25 1286
8,379912 28 1296
8,453346 29 1308
8,522356 34 1320
8,573859 35 1330
8,643176 35 1343
8,710676 37 1355
8,781223 39 1367
8,881376 42 1386
8,936951 42 1397
9,056514 46 1421
9,118570 49 1434
9,219104 53 1458
9,275984 58 1472
9,333299 62 1486
9,420869 67 1507
9,475433 70 1520
9,564939 77 1541
9,616695 80 1553
9,688282 82 1569
9,742531 81 1580
9,855007 78 1596
9,929913 75 1604
10,037313 77 1615
10,096448 78 1623
10,196474 86 1642
10,290313 92 1663
10,357156 97 1678
10,453735 100 1700
10,528609 103 1714
10,632748 106 1737
10,709793 109 1754
10,764355 108 1765
10,822806 105 1774
10,883064 103 1781
10,964318 98 1789
11,034058 95 1795
11,096974 92 1800
11,203940 85 1808
11,273433 82 1813
11,375815 82 1821
11,452096 83 1828
11,506717 83 1834
11,591138 83 1845
11,665182 83 1855
11,738702 83 1865
11,809439 84 1875
11,897610 85 1887
11,998702 83 1900
12,095267 80 1911
12,182291 76 1920
12,315357 70 1933
12,408910 66 1941
12,500273 63 1948
12,655267 55 1960
12,800931 42 1971
12,885807 36 1978
12,950356 30 1983
13,027351 24 1990
13,092631 18 1996
13,206743 7 2005
13,265085 1 2012
13,484055 2 2046
13,581614 2 2058
13,664196 4 2068
13,758195 4 2080
13,863929 4 2094
13,935841 2 2104
14,004340 1 2114
14,105243 -2 2139
14,174515 -2 2151
14,246812 -2 2162
14,393297 -2 2182
14,452170 -3 2192
14,474646 0 2206
14,529661 1 2222
14,582514 2 2235
14,653678 0 2248
14,711083 -1 2256
14,821067 -2 2270
14,902236 -3 2281
14,977421 -3 2291
15,196005 0 2321
15,374617 0 2344
15,473986 3 2357
15,533424 4 2365
15,601570 4 2375
15,655283 2 2383
15,742403 0 2394
15,831460 -1 2405
15,924126 0 2417
16,019780 0 2430
16,113573 0 2443
16,203576 4 2456
16,279765 4 2467
16,332396 3 2475
16,428059 2 2489
16,538332 0 2506
16,588073 0 2514
16,679641 1 2529
16,689517 -1 2544
16,753013 1 2559
16,848578 7 2574
16,903637 6 2583
16,962746 5 2593
17,035821 8 2605
17,142962 6 2622
17,233551 8 2636
17,318116 6 2649
17,398813 7 2661
17,490135 6 2674
17,555848 6 2684
17,623761 6 2695
17,686347 7 2706
17,778314 8 2724
17,828719 8 2734
17,913694 9 2749
18,013741 4 2766
18,189265 4 2796
18,258063 3 2806
18,333807 4 2817
18,403072 4 2827
18,462707 4 2835
18,520967 6 2843
18,605975 4 2857
18,664852 10 2865
18,766108 8 2881
18,873413 6 2899
18,972121 4 2913
19,062403 4 2928
19,173209 2 2948
19,248134 2 2963
19,337119 2 2985
19,383069 1 2993
19,443062 0 3003
19,502519 -1 3013
19,596742 1 3030
19,669400 2 3046
19,737548 1 3057
19,829044 1 3070
19,917211 1 3084
19,988609 2 3096
20,057787 4 3108
20,141455 2 3122
20,211617 2 3132
20,268408 1 3140
20,328100 1 3149
20,393666 -3 3159
20,461060 -3 3169
20,543482 -3 3181
20,595421 -3 3189
20,677523 -3 3201
20,820453 -1 3220
20,920808 -2 3234
20,983769 -2 3244
21,146974 -1 3267
21,224912 1 3278
21,399979 4 3306
21,551701 5 3332
21,749253 5 3366
21,800314 3 3375
21,907851 4 3395
22,043116 4 3418
22,115989 8 3433
22,176307 6 3446
22,229902 9 3455
22,293883 15 3466
22,348645 17 3475
22,405093 21 3485
22,509720 25 3504
22,587887 25 3520
22,653675 29 3539
22,709452 32 3555
22,805797 38 3581
22,877631 42 3600
22,958020 46 3622
23,015811 47 3637
23,093381 52 3658
23,195267 54 3685
23,250309 55 3699
23,309047 56 3711
23,372608 59 3723
23,465025 61 3740
23,542463 60 3753
23,608330 61 3763
23,678604 63 3774
23,759759 66 3787
23,826069 67 3798
23,880308 68 3807
23,941080 69 3817
24,005177 69 3827
24,089616 68 3839
24,157590 67 3847
24,258674 62 3858
24,339427 62 3867
24,423471 61 3876
24,483684 61 3883
24,557862 60 3891
24,660518 63 3902
24,778131 58 3915
24,851945 57 3923
24,906965 54 3929
24,986171 51 3938
25,052157 51 3946
25,108372 51 3953
25,191252 53 3963
25,272146 52 3973
25,384714 52 3987
25,464930 52 3997
25,667464 52 4022
25,738000 52 4031
25,848875 52 4045
25,959188 51 4058
26,051274 54 4069
26,129473 53 4079
26,213992 55 4090
26,307719 54 4103
26,406365 50 4115
26,474172 47 4122
26,562491 41 4130
26,613880 38 4134
26,669273 38 4139
26,766211 35 4155
26,872653 32 4168
26,968937 30 4179
27,055608 27 4189
27,146763 25 4199
27,228533 24 4208
27,301487 23 4216
27,391852 21 4226
27,496065 20 4238
27,559923 21 4246
27,713093 21 4266
27,797930 22 4277
27,894713 21 4289
27,959522 20 4297
28,016552 20 4304
28,103148 20 4317
28,244161 23 4339
28,295891 21 4346
28,399071 14 4356
28,505971 9 4366
28,603817 8 4375
28,683661 7 4383
28,759347 8 4391
28,864420 6 4403
28,969422 8 4416
29,057722 12 4427
29,132575 14 4436
29,223581 16 4447
29,331614 15 4460
29,437193 11 4473
29,503682 8 4481
29,579020 7 4490
29,756994 5 4517
29,862739 6 4530
29,962678 7 4543
30,049637 6 4555
30,117318 7 4564
30,181973 7 4573
30,239311 8 4582
30,290110 9 4589
30,349792 8 4597
30,442556 6 4607
30,544357 5 4618
30,603853 6 4626
30,687513 4 4636
30,812986 2 4649
31,008228 4 4672
31,079917 1 4681
31,176311 1 4693
31,264370 -1 4704
31,349478 1 4715
31,430643 -1 4726
31,516401 -1 4738
31,625464 -3 4753
31,711898 -2 4764
31,790343 -1 4774
31,844887 0 4781
31,897279 1 4789
31,967628 4 4800
32,035653 5 4811
32,479918 4 4824
32,580829 3 4838
32,686257 4 4853
32,802703 4 4868
32,931807 5 4884
33,041673 3 4898
33,145456 -2 4911
33,219303 -3 4921
33,270369 -4 4951
33,356848 -1 4967
33,480684 -1 4988
33,546250 -1 4998
33,627305 3 5010
33,678318 6 5018
33,751747 4 5028
33,851483 0 5040
33,960951 -2 5053
34,084110 -3 5068
34,183053 -5 5080
34,255437 -4 5090
34,345855 -4 5105
34,438331 -5 5118
34,512859 -5 5128
34,619581 -5 5142
34,711655 -6 5154
34,773879 -6 5162
34,851915 -6 5174
35,019643 -6 5196
35,115990 -7 5214
35,167356 -8 5227
35,226979 -8 5238
