 00.00000 00.00000 0 1161498866 
 43.32414 -3.01606 16 1161498875 
 43.32474 -3.01583 14 1161498888 
 43.32717 -3.01556 15 1161498928 
 43.32770 -3.01510 15 1161498940 
 43.32842 -3.01448 15 1161498956 
 43.32887 -3.01411 15 1161498965 
 43.32944 -3.01366 14 1161498976 
 43.33011 -3.01311 13 1161498989 
 43.33074 -3.01262 12 1161499001 
 43.33140 -3.01210 13 1161499014 
 43.33202 -3.01177 13 1161499025 
 43.33277 -3.01139 14 1161499039 
 43.33361 -3.01099 13 1161499054 
 43.33438 -3.01064 16 1161499068 
 43.33515 -3.01027 16 1161499082 
 43.33585 -3.00992 16 1161499095 
 43.33648 -3.00961 15 1161499107 
 43.33692 -3.00941 15 1161499114 
 43.33740 -3.00920 16 1161499123 
 43.33803 -3.00894 17 1161499136 
 43.33855 -3.00872 18 1161499148 
 43.33918 -3.00863 20 1161499162 
 43.33969 -3.00881 22 1161499173 
 43.34052 -3.00900 26 1161499190 
 43.34100 -3.00909 28 1161499201 
 43.34145 -3.00924 30 1161499213 
 43.34233 -3.00945 33 1161499235 
 43.34281 -3.00895 36 1161499250 
 43.34292 -3.00828 38 1161499262 
 43.34363 -3.00804 42 1161499280 
 43.34481 -3.00880 43 1161499308 
 43.34543 -3.00916 44 1161499321 
 43.34604 -3.00950 45 1161499334 
 43.34844 -3.01065 47 1161499384 
 43.34891 -3.00996 48 1161499395 
 43.35015 -3.00964 50 1161499412 
 43.35074 -3.00937 48 1161499419 
 43.35119 -3.00947 46 1161499425 
 43.35220 -3.01021 44 1161499441 
 43.35384 -3.01081 45 1161499466 
 43.35469 -3.01108 44 1161499479 
 43.35519 -3.01136 45 1161499486 
 43.35592 -3.01210 45 1161499497 
 43.35634 -3.01266 44 1161499504 
 43.35680 -3.01234 42 1161499528 
 43.35701 -3.01172 41 1161499536 
 43.35735 -3.01065 36 1161499546 
 43.35755 -3.00997 32 1161499552 
 43.35796 -3.00913 26 1161499563 
 43.35834 -3.00867 24 1161499570 
 43.35866 -3.00813 21 1161499578 
 43.35913 -3.00717 17 1161499591 
 43.35942 -3.00652 16 1161499600 
 43.36023 -3.00631 13 1161499612 
 43.36070 -3.00594 14 1161499619 
 43.36133 -3.00514 14 1161499630 
 43.36206 -3.00409 14 1161499643 
 43.36253 -3.00335 15 1161499652 
 43.36262 -3.00218 14 1161499663 
 43.36309 -3.00190 12 1161499671 
 43.36359 -3.00237 13 1161499680 
 43.36433 -3.00265 16 1161499700 
 43.36505 -3.00273 21 1161499719 
 43.36570 -3.00268 24 1161499732 
 43.36620 -3.00254 25 1161499741 
 43.36680 -3.00226 25 1161499751 
 43.36746 -3.00185 26 1161499762 
 43.36812 -3.00145 31 1161499772 
 43.36892 -3.00106 30 1161499784 
 43.36966 -3.00090 28 1161499794 
 43.37067 -3.00080 25 1161499807 
 43.37140 -3.00064 27 1161499817 
 43.37201 -3.00038 28 1161499827 
 43.37261 -2.99999 28 1161499838 
 43.37314 -2.99951 30 1161499849 
 43.37352 -2.99899 30 1161499858 
 43.37397 -2.99826 32 1161499869 
 43.37436 -2.99745 34 1161499881 
 43.37450 -2.99641 35 1161499895 
 43.37367 -2.99562 33 1161499910 
 43.37292 -2.99498 30 1161499921 
 43.37255 -2.99359 27 1161499933 
 43.37233 -2.99231 23 1161499944 
 43.37244 -2.99140 22 1161499953 
 43.37358 -2.99099 17 1161499967 
 43.37439 -2.99070 16 1161499976 
 43.37484 -2.99045 17 1161499982 
 43.37558 -2.98988 19 1161499993 
 43.37640 -2.98925 20 1161500006 
 43.37685 -2.98887 21 1161500014 
 43.37746 -2.98839 24 1161500029 
 43.37801 -2.98771 35 1161500061 
 43.37844 -2.98710 38 1161500082 
 43.37850 -2.98878 28 1161500101 
 43.37861 -2.99004 24 1161500110 
 43.37911 -2.99030 25 1161500130 
 43.37965 -2.99007 25 1161500141 
 43.38025 -2.98982 25 1161500152 
 43.38074 -2.98948 28 1161500162 
 43.38130 -2.98900 29 1161500174 
 43.38178 -2.98846 34 1161500186 
 43.38214 -2.98806 35 1161500196 
 43.38267 -2.98761 35 1161500209 
 43.38315 -2.98710 37 1161500221 
 43.38361 -2.98650 39 1161500233 
 43.38405 -2.98542 42 1161500252 
 43.38440 -2.98493 42 1161500263 
 43.38535 -2.98424 46 1161500287 
 43.38586 -2.98393 49 1161500300 
 43.38667 -2.98338 53 1161500324 
 43.38710 -2.98300 58 1161500338 
 43.38752 -2.98259 62 1161500352 
 43.38817 -2.98198 67 1161500373 
 43.38857 -2.98159 70 1161500386 
 43.38911 -2.98077 77 1161500407 
 43.38929 -2.98018 80 1161500419 
 43.38958 -2.97939 82 1161500435 
 43.38996 -2.97897 81 1161500446 
 43.39093 -2.97858 78 1161500462 
 43.39158 -2.97834 75 1161500470 
 43.39252 -2.97804 77 1161500481 
 43.39304 -2.97789 78 1161500489 
 43.39391 -2.97758 86 1161500508 
 43.39466 -2.97705 92 1161500529 
 43.39504 -2.97641 97 1161500544 
 43.39536 -2.97530 100 1161500566 
 43.39559 -2.97443 103 1161500580 
 43.39591 -2.97322 106 1161500603 
 43.39647 -2.97266 109 1161500620 
 43.39696 -2.97264 108 1161500631 
 43.39745 -2.97290 105 1161500640 
 43.39796 -2.97315 103 1161500647 
 43.39869 -2.97316 98 1161500655 
 43.39922 -2.97270 95 1161500661 
 43.39976 -2.97247 92 1161500666 
 43.40071 -2.97227 85 1161500674 
 43.40127 -2.97189 82 1161500679 
 43.40208 -2.97129 82 1161500687 
 43.40269 -2.97086 83 1161500694 
 43.40308 -2.97045 83 1161500700 
 43.40351 -2.96959 83 1161500711 
 43.40387 -2.96882 83 1161500721 
 43.40417 -2.96801 83 1161500731 
 43.40441 -2.96720 84 1161500741 
 43.40469 -2.96618 85 1161500753 
 43.40501 -2.96501 83 1161500766 
 43.40533 -2.96390 80 1161500777 
 43.40560 -2.96289 76 1161500786 
 43.40539 -2.96127 70 1161500799 
 43.40475 -2.96052 66 1161500807 
 43.40410 -2.95983 63 1161500814 
 43.40302 -2.95862 55 1161500826 
 43.40297 -2.95682 42 1161500837 
 43.40259 -2.95591 36 1161500844 
 43.40215 -2.95539 30 1161500849 
 43.40204 -2.95445 24 1161500856 
 43.40260 -2.95421 18 1161500862 
 43.40351 -2.95486 7 1161500871 
 43.40396 -2.95523 1 1161500878 
 43.40381 -2.95253 2 1161500912 
 43.40345 -2.95143 2 1161500924 
 43.40316 -2.95049 4 1161500934 
 43.40283 -2.94942 4 1161500946 
 43.40247 -2.94821 4 1161500960 
 43.40222 -2.94739 2 1161500970 
 43.40198 -2.94661 1 1161500980 
 43.40288 -2.94646 -2 1161501005 
 43.40349 -2.94663 -2 1161501017 
 43.40378 -2.94743 -2 1161501028 
 43.40412 -2.94918 -2 1161501048 
 43.40453 -2.94964 -3 1161501058 
 00.00000 00.00000 0 1161501059 
 43.40470 -2.94949 0 1161501249 
 00.00000 00.00000 0 1161501250 
 43.40511 -2.94911 1 1161501265 
 43.40544 -2.94864 2 1161501278 
 43.40569 -2.94783 -0 1161501291 
 43.40588 -2.94717 -1 1161501299 
 43.40643 -2.94604 -2 1161501313 
 43.40702 -2.94545 -3 1161501324 
 43.40758 -2.94493 -3 1161501334 
 43.40926 -2.94353 -0 1161501364 
 43.41086 -2.94370 0 1161501387 
 43.41172 -2.94403 3 1161501400 
 43.41225 -2.94412 4 1161501408 
 43.41283 -2.94385 4 1161501418 
 43.41328 -2.94409 2 1161501426 
 43.41406 -2.94400 -0 1161501437 
 43.41486 -2.94398 -1 1161501448 
 43.41569 -2.94407 -0 1161501460 
 43.41653 -2.94432 0 1161501473 
 43.41734 -2.94464 0 1161501486 
 43.41811 -2.94498 4 1161501499 
 43.41877 -2.94523 4 1161501510 
 43.41922 -2.94543 3 1161501518 
 43.41963 -2.94647 2 1161501532 
 43.41933 -2.94777 0 1161501549 
 43.41908 -2.94828 -0 1161501557 
 43.41847 -2.94904 1 1161501572 
 00.00000 00.00000 0 1161501574 
 43.41841 -2.94913 -1 1161502003 
 43.41881 -2.94857 1 1161502018 
 43.41934 -2.94764 7 1161502033 
 43.41956 -2.94703 6 1161502042 
 43.41959 -2.94630 5 1161502052 
 43.41933 -2.94547 8 1161502064 
 43.41841 -2.94508 6 1161502081 
 43.41763 -2.94476 8 1161502095 
 43.41690 -2.94447 6 1161502108 
 43.41620 -2.94421 7 1161502120 
 43.41539 -2.94403 6 1161502133 
 43.41480 -2.94400 6 1161502143 
 43.41419 -2.94402 6 1161502154 
 43.41363 -2.94409 7 1161502165 
 43.41281 -2.94423 8 1161502183 
 43.41236 -2.94430 8 1161502193 
 43.41160 -2.94420 9 1161502208 
 43.41074 -2.94384 4 1161502225 
 43.40919 -2.94344 4 1161502255 
 43.40867 -2.94390 3 1161502265 
 43.40809 -2.94439 4 1161502276 
 43.40759 -2.94490 4 1161502286 
 43.40716 -2.94534 4 1161502294 
 43.40674 -2.94577 6 1161502302 
 43.40622 -2.94654 4 1161502316 
 43.40591 -2.94713 10 1161502324 
 43.40555 -2.94828 8 1161502340 
 43.40497 -2.94934 6 1161502358 
 43.40414 -2.94977 4 1161502372 
 43.40366 -2.94887 4 1161502387 
 43.40364 -2.94750 2 1161502407 
 43.40348 -2.94660 2 1161502422 
 43.40318 -2.94558 2 1161502444 
 00.00000 00.00000 0 1161502445 
 43.40311 -2.94502 1 1161502452 
 43.40298 -2.94430 0 1161502462 
 43.40276 -2.94363 -1 1161502472 
 43.40203 -2.94304 1 1161502489 
 43.40142 -2.94336 2 1161502505 
 43.40084 -2.94363 1 1161502516 
 43.40002 -2.94371 1 1161502529 
 43.39923 -2.94379 1 1161502543 
 43.39859 -2.94385 2 1161502555 
 43.39797 -2.94391 4 1161502567 
 43.39722 -2.94398 2 1161502581 
 43.39659 -2.94401 2 1161502591 
 43.39609 -2.94387 1 1161502599 
 43.39560 -2.94357 1 1161502608 
 43.39511 -2.94312 -3 1161502618 
 43.39461 -2.94265 -3 1161502628 
 43.39392 -2.94228 -3 1161502640 
 43.39347 -2.94211 -3 1161502648 
 43.39285 -2.94156 -3 1161502660 
 43.39203 -2.94292 -1 1161502679 
 43.39145 -2.94387 -2 1161502693 
 43.39089 -2.94398 -2 1161502703 
 43.38949 -2.94458 -1 1161502726 
 43.38881 -2.94481 1 1161502737 
 43.38734 -2.94558 4 1161502765 
 43.38599 -2.94584 5 1161502791 
 43.38434 -2.94674 5 1161502825 
 43.38391 -2.94696 3 1161502834 
 43.38295 -2.94681 4 1161502854 
 43.38194 -2.94588 4 1161502877 
 43.38130 -2.94607 8 1161502892 
 43.38078 -2.94628 6 1161502905 
 43.38042 -2.94584 9 1161502914 
 43.38000 -2.94530 15 1161502925 
 43.37962 -2.94487 17 1161502934 
 43.37913 -2.94469 21 1161502944 
 43.37819 -2.94468 25 1161502963 
 43.37750 -2.94486 25 1161502979 
 43.37697 -2.94522 29 1161502998 
 43.37653 -2.94555 32 1161503014 
 43.37580 -2.94619 38 1161503040 
 43.37552 -2.94699 42 1161503059 
 43.37503 -2.94772 46 1161503081 
 43.37461 -2.94814 47 1161503096 
 43.37398 -2.94855 52 1161503117 
 43.37308 -2.94832 54 1161503144 
 43.37296 -2.94898 55 1161503158 
 43.37310 -2.94968 56 1161503170 
 43.37327 -2.95043 59 1161503182 
 43.37372 -2.95139 61 1161503199 
 43.37417 -2.95212 60 1161503212 
 43.37457 -2.95272 61 1161503222 
 43.37504 -2.95330 63 1161503233 
 43.37564 -2.95387 66 1161503246 
 43.37616 -2.95427 67 1161503257 
 43.37658 -2.95461 68 1161503266 
 43.37700 -2.95509 69 1161503276 
 43.37740 -2.95566 69 1161503286 
 43.37792 -2.95642 68 1161503298 
 43.37834 -2.95703 67 1161503306 
 43.37897 -2.95793 62 1161503317 
 43.37948 -2.95864 62 1161503326 
 43.38001 -2.95938 61 1161503335 
 43.38023 -2.96006 61 1161503342 
 43.38048 -2.96091 60 1161503350 
 43.38078 -2.96211 63 1161503361 
 43.38119 -2.96345 58 1161503374 
 43.38139 -2.96432 57 1161503382 
 43.38138 -2.96500 54 1161503388 
 43.38124 -2.96596 51 1161503397 
 43.38117 -2.96677 51 1161503405 
 43.38111 -2.96746 51 1161503412 
 43.38104 -2.96848 53 1161503422 
 43.38104 -2.96948 52 1161503432 
 43.38117 -2.97086 52 1161503446 
 43.38128 -2.97184 52 1161503456 
 43.38147 -2.97433 52 1161503481 
 43.38130 -2.97517 52 1161503490 
 43.38127 -2.97654 52 1161503504 
 43.38141 -2.97789 51 1161503517 
 43.38151 -2.97902 54 1161503528 
 43.38164 -2.97997 53 1161503538 
 43.38142 -2.98097 55 1161503549 
 43.38176 -2.98203 54 1161503562 
 43.38235 -2.98294 50 1161503574 
 43.38276 -2.98356 47 1161503581 
 43.38330 -2.98436 41 1161503589 
 43.38367 -2.98474 38 1161503593 
 43.38411 -2.98506 38 1161503598 
 43.38382 -2.98619 35 1161503614 
 43.38319 -2.98718 32 1161503627 
 43.38248 -2.98786 30 1161503638 
 43.38183 -2.98845 27 1161503648 
 43.38120 -2.98917 25 1161503658 
 43.38057 -2.98969 24 1161503667 
 43.37996 -2.99002 23 1161503675 
 43.37918 -2.99033 21 1161503685 
 43.37830 -2.99077 20 1161503697 
 43.37773 -2.99086 21 1161503705 
 43.37642 -2.99144 21 1161503725 
 43.37575 -2.99194 22 1161503736 
 43.37502 -2.99259 21 1161503748 
 43.37469 -2.99325 20 1161503756 
 43.37451 -2.99391 20 1161503763 
 43.37453 -2.99498 20 1161503776 
 43.37422 -2.99667 23 1161503798 
 43.37396 -2.99720 21 1161503805 
 43.37325 -2.99802 14 1161503815 
 43.37244 -2.99873 9 1161503825 
 43.37163 -2.99920 8 1161503834 
 43.37094 -2.99947 7 1161503842 
 43.37026 -2.99947 8 1161503850 
 43.36932 -2.99935 6 1161503862 
 43.36838 -2.99924 8 1161503875 
 43.36759 -2.99914 12 1161503886 
 43.36692 -2.99922 14 1161503895 
 43.36613 -2.99951 16 1161503906 
 43.36523 -3.00001 15 1161503919 
 43.36436 -3.00053 11 1161503932 
 43.36387 -3.00100 8 1161503940 
 43.36340 -3.00167 7 1161503949 
 43.36262 -3.00359 5 1161503976 
 43.36196 -3.00453 6 1161503989 
 43.36133 -3.00541 7 1161504002 
 43.36075 -3.00613 6 1161504014 
 43.36022 -3.00654 7 1161504023 
 43.35974 -3.00699 7 1161504032 
 43.35923 -3.00709 8 1161504041 
 43.35901 -3.00654 9 1161504048 
 43.35849 -3.00636 8 1161504056 
 43.35768 -3.00663 6 1161504066 
 43.35679 -3.00692 5 1161504077 
 43.35629 -3.00718 6 1161504085 
 43.35560 -3.00677 4 1161504095 
 43.35463 -3.00598 2 1161504108 
 43.35310 -3.00480 4 1161504131 
 43.35248 -3.00456 1 1161504140 
 43.35164 -3.00427 1 1161504152 
 43.35106 -3.00353 -1 1161504163 
 43.35060 -3.00269 1 1161504174 
 43.35010 -3.00196 -1 1161504185 
 43.34946 -3.00137 -1 1161504197 
 43.34859 -3.00075 -3 1161504212 
 43.34790 -3.00026 -2 1161504223 
 43.34724 -2.99992 -1 1161504233 
 43.34675 -2.99993 -0 1161504240 
 43.34631 -3.00016 1 1161504248 
 43.34568 -3.00023 4 1161504259 
 43.34508 -3.00039 5 1161504270 
 43.34119 -3.00162 4 1161504332 
 43.34031 -3.00192 3 1161504346 
 43.33939 -3.00223 4 1161504361 
 43.33837 -3.00255 4 1161504376 
 43.33724 -3.00291 5 1161504392 
 43.33639 -3.00360 3 1161504406 
 43.33565 -3.00438 -2 1161504419 
 43.33511 -3.00491 -3 1161504429 
 43.33484 -3.00542 -4 1161504459 
 43.33532 -3.00626 -1 1161504475 
 43.33601 -3.00746 -1 1161504496 
 43.33633 -3.00814 -1 1161504506 
 43.33656 -3.00909 3 1161504518 
 43.33657 -3.00972 6 1161504526 
 43.33595 -3.01003 4 1161504536 
 43.33510 -3.01042 -0 1161504548 
 43.33417 -3.01086 -2 1161504561 
 43.33312 -3.01134 -3 1161504576 
 43.33228 -3.01174 -5 1161504588 
 43.33167 -3.01205 -4 1161504598 
 43.33094 -3.01254 -4 1161504613 
 43.33022 -3.01311 -5 1161504626 
 43.32964 -3.01357 -5 1161504636 
 43.32881 -3.01423 -5 1161504650 
 43.32809 -3.01479 -6 1161504662 
 43.32760 -3.01516 -6 1161504670 
 43.32698 -3.01561 -6 1161504682 
 43.32549 -3.01592 -6 1161504704 
 43.32495 -3.01685 -7 1161504722 
 43.32457 -3.01721 -8 1161504735 
 43.32413 -3.01679 -8 1161504746 
 00.00000 00.00000 0 1161504753 
